*Stress		*Inelastic Strain
102.1022727	0
110.6172776	0.00011043
117.4662162	0.000197
117.8218128	0.000205391
120		0.000336538
96.85580763	0.001188809
75.32157155	0.001952663
58.80722499	0.002596731
46.78992977	0.00313349
38.02874984	0.003592551
31.5267901	0.003997702
26.59628179	0.004365355
23.00701556	0.004684126
20.12984892	0.004985904
15.35799506	0.005633525

*Damage P.	*Inelastic Strain
0		0
0		0.00011043
0		0.000197
0		0.000205391
0		0.000336538
0.19286827	0.001188809
0.372320237	0.001952663
0.509939792	0.002596731
0.610083919	0.00313349
0.683093751	0.003592551
0.737276749	0.003997702
0.778364318	0.004365355
0.80827487	0.004684126
0.832251259	0.004985904
0.872016708	0.005633525

*Plasticity Parameters
35	0.1	1.16	0.66	0

*Elastic Parameters
41907.31738	0.2

*Densitiy
2.5E-09


